1.
0.414016243000866299
0.130448682735044324
0.0281490811816026161
0.00462868463720416281
0.00062025147610678493
0.0000686770885390617984
6.28488230669978749e-6
5.01986197619830788e-7
3.96915046153987083e-8
1.14619057438675389e-9
2.21422857239286206e-10
-3.47087628137958658e-12
5.26907054399378694e-13
1.08068290966581548
0.539792844780494916
0.166084230769033217
0.035790298646556066
0.00589703243578234382
0.000789592116312117277
0.0000874456178357265776
8.00211107603171383e-6
6.39149165582055646e-7
5.05367903369666356e-8
1.45937517486452486e-9
2.81924337930412797e-10
-4.4192569363292127e-12
6.70878898061210528e-13