0.480749856769136127
0.0757107453935371611
0.0207544733443622468
0.00296686757159093428
0.000385086850988198076
0.0000396245291118678106
3.44653527568129186e-6
2.60728584781887378e-7
1.64651276793705422e-8
1.24924114646889903e-9
-4.06609033385506782e-13
6.69244577908522819e-12
-1.74969643368118421e-13
9.69901476816967128e-15
0.557484696706444012
0.16330778039059299
0.0332854355906960737
0.00522222434942978777
0.000658578219691024581
0.0000682687148667475058
5.92820704830126442e-6
4.486040686836368e-7
2.83282406028920981e-8
2.14933012694134515e-9
-6.99576077110757546e-13
1.15144066901510615e-11
-3.01036676011995688e-13
1.66872327689919498e-14