8
13
13
0.716541425477415861
-0.0227865381021285978
0.00327874937639033393
0.0000403548415935860227
7.20623219142052687e-6
3.35204815931659747e-7
1.81953034516476915e-8
9.63079734047417711e-10
3.0477603408067824e-11
1.86027306337646524e-12
8.2575916763448544e-14
-2.74698299421027651e-15
2.33304207731975379e-16
1.42525357718615678e-19
0.0734624308314188403
0.00624088686737929902
0.000493279505191635856
0.0000341127754881867474
2.14130515950898463e-6
1.23779104344348298e-7
6.36733630634781479e-9
3.40081149242342238e-10
1.07507738550838754e-11
6.56279390971472287e-13
2.91315409332138546e-14
-9.69094386987852644e-16
8.23062243600765652e-17
5.02808079780156285e-20
