2
13
13
0.525305560880753447
0.110492812543561698
0.0191075521270522133
0.00308864958825646759
0.000365092211441395786
0.0000386927386117543446
3.43285176619925111e-6
2.60432969408429629e-7
1.81615413272499949e-8
8.79574269616801187e-10
8.17788745331821633e-11
9.41377749237483758e-13
1.10425964672642921e-13
6.7330075025747763e-15
0.496054363546458276
0.128217363190316964
0.0237743767099492677
0.00352539772392101481
0.00043510113976810022
0.0000454073941207125778
4.04510802860155619e-6
3.06619642129059298e-7
2.13853590636569169e-8
1.03568903196894899e-9
9.62938758302946861e-11
1.10846362277666573e-12
1.3002555622660695e-13
7.92805431387221855e-15
