6
13
13
0.673944447579473152
-0.0273598561147759079
0.00463673728289017182
0.000034300910503431443
0.0000130358950567361568
5.83220590433158958e-7
3.44797426304112356e-8
2.38474353380293983e-9
-4.59196255955898238e-11
1.99099603278533646e-11
-1.4311498242876518e-12
8.80013303476364236e-14
-2.42311703012800209e-15
3.49581150650835651e-17
0.0927367286140731619
0.00931025853766456165
0.000851628757507340205
0.0000670090595547958342
4.69316257859672114e-6
2.97608095074209198e-7
1.57040009441295436e-8
1.11345155312273823e-9
-2.13981150385256463e-11
9.26925723537952145e-12
-6.66278914581659246e-13
4.09694460483010635e-14
-1.12809387751368198e-15
1.6274919899379346e-17
