5
13
13
0.646630038500837714
-0.0182430126939650534
0.00543969649877461546
0.000116476317051295638
0.000021521931928403257
1.18615991212530143e-6
7.58604696784467546e-8
4.92699461286368605e-9
1.70136633738363635e-11
3.88505787621294195e-11
-3.02592533985388176e-12
2.50393836693133557e-13
-8.85454095669162848e-15
1.84699348446812487e-16
0.125633711312370486
0.0143284143238659723
0.00146343159568277208
0.000128918603936083915
0.000010007581130819214
6.93879268824586396e-7
4.13381482366787712e-8
2.72711915007782649e-9
9.35871296778309097e-12
2.1459232544492312e-11
-1.67136625542074901e-12
1.38304703720495406e-13
-4.89079394108677387e-15
1.02018439882235746e-16
