4
13
13
0.613685849032916035
0.00903173132995705395
0.0069284473671474595
0.000435156706530149163
0.0000488085495651258633
3.66096953726522648e-6
2.59751177273597696e-7
1.71762934556763709e-8
6.36469395210182763e-10
9.79098463143548107e-11
-5.17453551995652055e-12
7.31427836739056021e-13
-2.84387961377947079e-14
8.85040027079679332e-16
0.196535371894127447
0.0279517601730765951
0.00336319077005095874
0.000348115741765303429
0.0000314536554282140664
2.50784176166426963e-6
1.75165336933914539e-7
1.16200064640254918e-8
4.30354125246412109e-10
6.62084177654364664e-11
-3.49910640701992041e-12
4.94603523474290392e-13
-1.92307812889565772e-14
5.98478610349119398e-16
