7
13
13
0.696927869860540206
-0.0245842821500016603
0.00387386297822400047
0.0000412752563901979249
9.65769105078521047e-6
4.49203187634950842e-7
2.49787490824865953e-8
1.62550093565884612e-9
-1.98508260704137581e-12
8.69732290400856347e-12
-3.74694362730532507e-13
1.95982392437448987e-14
-2.09435870290602052e-16
3.65734649696346255e-18
0.0823718409527545019
0.0076004126659120389
0.000645052537446241508
0.0000475762669422998754
3.15794902771574117e-6
1.92103442667026871e-7
9.90117036546320523e-9
6.53907106156826984e-10
-8.02520234211224998e-13
3.49333810076417267e-12
-1.50497818196018023e-13
7.87172682319026514e-15
-8.41209218920669405e-17
1.46899076338575765e-18
