3
13
13
0.573513198744647626
0.0884965100710721081
0.0125945026937261292
0.0018131346755066484
0.000185501511589852242
0.0000179665588981785096
1.4663716751615509e-6
1.07200007061958399e-7
6.13886384827129358e-9
5.0757503319816481e-10
-3.89402001604364884e-12
3.54266040828850291e-12
-1.30207429069121938e-13
6.46345036567436585e-15
0.376528191549264251
0.0764525025412929857
0.0117343580663816836
0.00149763967922572319
0.000163513443673380925
0.0000154572094390025412
1.26979191105616802e-6
9.27046437188452642e-8
5.30988729375523733e-9
4.39022184757595294e-10
-3.36809850708008399e-12
3.06419443797353572e-12
-1.12621824892382023e-13
5.59050724287616386e-15
